0 0 0 0, 0 0 0 0, 0 0 0 0, 0 0 0 0, 0 0 0 0, 0 0 0 0, 0 0 0 0, 0 0 0 0, 0 0 0 0, 0 0 0 0, 0 0 0 0, 0 0 0 0, 0 0 0 0, 0 0 0 0, 0 0 0 0, 0 0 0 0, 0 0 0 0, 0 0 0 0, 0 0 0 0, 0 0 0 0, 0 0 0 0, 0 0 0 0, 0 0 0 0, 0 0 0 0, 0 0 0 0, 4 3 9 9, 4 3 9 9, 4 3 9 9, 0 0 0 0, 0 0 0 0, 0 0 0 0, 0 0 0 0, 0 0 0 0, 0 0 0 0, 0 0 0 0, 0 0 0 0, 0 0 0 0, 0 0 0 0, 0 0 0 0, 0 0 0 0, 0 0 0 0, 0 0 0 0, 0 0 0 0, 0 0 0 0, 0 0 0 0, 0 0 0 0, 0 0 0 0, 0 0 0 0, 0 0 0 0, 0 0 0 0, 
0 0 0 0, 0 0 0 0, 0 0 0 0, 0 0 0 0, 0 0 0 0, 0 0 0 0, 0 0 0 0, 0 0 0 0, 0 0 0 0, 0 0 0 0, 0 0 0 0, 0 0 0 0, 0 0 0 0, 0 0 0 0, 0 0 0 0, 0 0 0 0, 0 0 0 0, 0 0 0 0, 0 0 0 0, 0 0 0 0, 0 0 0 0, 0 0 0 0, 0 0 0 0, 0 0 0 0, 0 0 0 0, 0 0 0 0, 0 0 0 0, 0 0 0 0, 0 0 0 0, 0 0 0 0, 0 0 0 0, 0 0 0 0, 0 0 0 0, 0 0 0 0, 0 0 0 0, 0 0 0 0, 0 0 0 0, 0 0 0 0, 0 0 0 0, 0 0 0 0, 0 0 0 0, 0 0 0 0, 0 0 0 0, 0 0 0 0, 0 0 0 0, 0 0 0 0, 0 0 0 0, 0 0 0 0, 0 0 0 0, 0 0 0 0, 
0 0 0 0, 0 0 0 0, 0 0 0 0, 0 0 0 0, 0 0 0 0, 0 0 0 0, 0 0 0 0, 0 0 0 0, 0 0 0 0, 0 0 0 0, 0 0 0 0, 0 0 0 0, 0 0 0 0, 0 0 0 0, 0 0 0 0, 0 0 0 0, 0 0 0 0, 0 0 0 0, 0 0 0 0, 0 0 0 0, 0 0 0 0, 0 0 0 0, 0 0 0 0, 0 0 0 0, 0 0 0 0, 0 0 0 0, 0 0 0 0, 0 0 0 0, 0 0 0 0, 0 0 0 0, 0 0 0 0, 0 0 0 0, 0 0 0 0, 0 0 0 0, 0 0 0 0, 0 0 0 0, 0 0 0 0, 0 0 0 0, 0 0 0 0, 0 0 0 0, 0 0 0 0, 0 0 0 0, 0 0 0 0, 0 0 0 0, 0 0 0 0, 0 0 0 0, 0 0 0 0, 0 0 0 0, 0 0 0 0, 0 0 0 0, 
0 0 0 0, 0 0 0 0, 0 0 0 0, 0 0 0 0, 0 0 0 0, 0 0 0 0, 0 0 0 0, 0 0 0 0, 0 0 0 0, 0 0 0 0, 0 0 0 0, 0 0 0 0, 0 0 0 0, 0 0 0 0, 0 0 0 0, 0 0 0 0, 0 0 0 0, 0 0 0 0, 0 0 0 0, 0 0 0 0, 0 0 0 0, 0 0 0 0, 0 0 0 0, 0 0 0 0, 0 0 0 0, 0 0 0 0, 0 0 0 0, 0 0 0 0, 0 0 0 0, 0 0 0 0, 0 0 0 0, 0 0 0 0, 0 0 0 0, 0 0 0 0, 0 0 0 0, 0 0 0 0, 0 0 0 0, 0 0 0 0, 0 0 0 0, 0 0 0 0, 0 0 0 0, 0 0 0 0, 0 0 0 0, 0 0 0 0, 0 0 0 0, 0 0 0 0, 0 0 0 0, 0 0 0 0, 0 0 0 0, 0 0 0 0, 
0 0 0 0, 0 0 0 0, 0 0 0 0, 0 0 0 0, 0 0 0 0, 0 0 0 0, 0 0 0 0, 0 0 0 0, 0 0 0 0, 0 0 0 0, 0 0 0 0, 0 0 0 0, 0 0 0 0, 0 0 0 0, 0 0 0 0, 0 0 0 0, 0 0 0 0, 0 0 0 0, 0 0 0 0, 0 0 0 0, 0 0 0 0, 0 0 0 0, 0 0 0 0, 0 0 0 0, 0 0 0 0, 0 0 0 0, 0 0 0 0, 0 0 0 0, 0 0 0 0, 0 0 0 0, 0 0 0 0, 0 0 0 0, 0 0 0 0, 0 0 0 0, 0 0 0 0, 0 0 0 0, 0 0 0 0, 0 0 0 0, 0 0 0 0, 0 0 0 0, 0 0 0 0, 0 0 0 0, 0 0 0 0, 0 0 0 0, 0 0 0 0, 0 0 0 0, 0 0 0 0, 0 0 0 0, 0 0 0 0, 0 0 0 0, 
0 0 0 0, 0 0 0 0, 0 0 0 0, 0 0 0 0, 0 0 0 0, 0 0 0 0, 0 0 0 0, 0 0 0 0, 0 0 0 0, 0 0 0 0, 0 0 0 0, 0 0 0 0, 0 0 0 0, 0 0 0 0, 0 0 0 0, 0 0 0 0, 0 0 0 0, 0 0 0 0, 0 0 0 0, 0 0 0 0, 0 0 0 0, 0 0 0 0, 0 0 0 0, 0 0 0 0, 0 0 0 0, 0 0 0 0, 9 8 9 7, 0 0 0 0, 0 0 0 0, 0 0 0 0, 0 0 0 0, 0 0 0 0, 0 0 0 0, 0 0 0 0, 0 0 0 0, 0 0 0 0, 0 0 0 0, 0 0 0 0, 0 0 0 0, 0 0 0 0, 0 0 0 0, 0 0 0 0, 0 0 0 0, 0 0 0 0, 0 0 0 0, 0 0 0 0, 0 0 0 0, 0 0 0 0, 0 0 0 0, 0 0 0 0, 
0 0 0 0, 0 0 0 0, 0 0 0 0, 0 0 0 0, 0 0 0 0, 0 0 0 0, 0 0 0 0, 0 0 0 0, 0 0 0 0, 0 0 0 0, 0 0 0 0, 0 0 0 0, 0 0 0 0, 0 0 0 0, 0 0 0 0, 0 0 0 0, 0 0 0 0, 0 0 0 0, 0 0 0 0, 0 0 0 0, 0 0 0 0, 0 0 0 0, 0 0 0 0, 0 0 0 0, 0 0 0 0, 0 0 0 0, 0 0 0 0, 0 0 0 0, 0 0 0 0, 0 0 0 0, 0 0 0 0, 0 0 0 0, 0 0 0 0, 0 0 0 0, 0 0 0 0, 0 0 0 0, 0 0 0 0, 0 0 0 0, 0 0 0 0, 0 0 0 0, 0 0 0 0, 0 0 0 0, 0 0 0 0, 0 0 0 0, 0 0 0 0, 0 0 0 0, 0 0 0 0, 0 0 0 0, 0 0 0 0, 0 0 0 0, 
0 0 0 0, 0 0 0 0, 0 0 0 0, 0 0 0 0, 0 0 0 0, 0 0 0 0, 0 0 0 0, 0 0 0 0, 0 0 0 0, 0 0 0 0, 0 0 0 0, 0 0 0 0, 0 0 0 0, 0 0 0 0, 0 0 0 0, 0 0 0 0, 0 0 0 0, 0 0 0 0, 0 0 0 0, 0 0 0 0, 0 0 0 0, 0 0 0 0, 0 0 0 0, 0 0 0 0, 0 0 0 0, 0 0 0 0, 0 0 0 0, 0 0 0 0, 0 0 0 0, 0 0 0 0, 0 0 0 0, 0 0 0 0, 0 0 0 0, 0 0 0 0, 0 0 0 0, 0 0 0 0, 0 0 0 0, 0 0 0 0, 0 0 0 0, 0 0 0 0, 0 0 0 0, 0 0 0 0, 0 0 0 0, 0 0 0 0, 0 0 0 0, 0 0 0 0, 0 0 0 0, 0 0 0 0, 0 0 0 0, 0 0 0 0, 
0 0 0 0, 0 0 0 0, 0 0 0 0, 0 0 0 0, 0 0 0 0, 0 0 0 0, 0 0 0 0, 0 0 0 0, 0 0 0 0, 0 0 0 0, 0 0 0 0, 0 0 0 0, 0 0 0 0, 0 0 0 0, 0 0 0 0, 0 0 0 0, 0 0 0 0, 0 0 0 0, 0 0 0 0, 0 0 0 0, 0 0 0 0, 0 0 0 0, 0 0 0 0, 0 0 0 0, 0 0 0 0, 0 0 0 0, 0 0 0 0, 0 0 0 0, 0 0 0 0, 0 0 0 0, 0 0 0 0, 0 0 0 0, 0 0 0 0, 0 0 0 0, 0 0 0 0, 0 0 0 0, 0 0 0 0, 0 0 0 0, 0 0 0 0, 0 0 0 0, 0 0 0 0, 0 0 0 0, 0 0 0 0, 0 0 0 0, 0 0 0 0, 0 0 0 0, 0 0 0 0, 0 0 0 0, 0 0 0 0, 0 0 0 0, 
0 0 0 0, 0 0 0 0, 0 0 0 0, 0 0 0 0, 0 0 0 0, 0 0 0 0, 0 0 0 0, 0 0 0 0, 0 0 0 0, 0 0 0 0, 0 0 0 0, 0 0 0 0, 0 0 0 0, 0 0 0 0, 0 0 0 0, 0 0 0 0, 0 0 0 0, 0 0 0 0, 0 0 0 0, 0 0 0 0, 0 0 0 0, 0 0 0 0, 0 0 0 0, 0 0 0 0, 0 0 0 0, 0 0 0 0, 0 0 0 0, 0 0 0 0, 0 0 0 0, 0 0 0 0, 0 0 0 0, 0 0 0 0, 0 0 0 0, 0 0 0 0, 0 0 0 0, 0 0 0 0, 0 0 0 0, 0 0 0 0, 0 0 0 0, 0 0 0 0, 0 0 0 0, 0 0 0 0, 0 0 0 0, 0 0 0 0, 0 0 0 0, 0 0 0 0, 0 0 0 0, 0 0 0 0, 0 0 0 0, 0 0 0 0, 
0 0 0 0, 0 0 0 0, 0 0 0 0, 0 0 0 0, 0 0 0 0, 0 0 0 0, 0 0 0 0, 0 0 0 0, 0 0 0 0, 0 0 0 0, 0 0 0 0, 0 0 0 0, 0 0 0 0, 0 0 0 0, 0 0 0 0, 0 0 0 0, 0 0 0 0, 0 0 0 0, 0 0 0 0, 0 0 0 0, 0 0 0 0, 0 0 0 0, 0 0 0 0, 0 0 0 0, 0 0 0 0, 0 0 0 0, 0 0 0 0, 0 0 0 0, 0 0 0 0, 0 0 0 0, 0 0 0 0, 0 0 0 0, 0 0 0 0, 0 0 0 0, 0 0 0 0, 0 0 0 0, 0 0 0 0, 0 0 0 0, 0 0 0 0, 0 0 0 0, 0 0 0 0, 0 0 0 0, 0 0 0 0, 0 0 0 0, 0 0 0 0, 0 0 0 0, 0 0 0 0, 0 0 0 0, 0 0 0 0, 0 0 0 0, 
0 0 0 0, 0 0 0 0, 0 0 0 0, 0 0 0 0, 0 0 0 0, 0 0 0 0, 0 0 0 0, 0 0 0 0, 0 0 0 0, 0 0 0 0, 0 0 0 0, 0 0 0 0, 0 0 0 0, 0 0 0 0, 0 0 0 0, 0 0 0 0, 0 0 0 0, 0 0 0 0, 0 0 0 0, 0 0 0 0, 0 0 0 0, 0 0 0 0, 0 0 0 0, 0 0 0 0, 0 0 0 0, 0 0 0 0, 0 0 0 0, 0 0 0 0, 0 0 0 0, 0 0 0 0, 0 0 0 0, 0 0 0 0, 0 0 0 0, 0 0 0 0, 0 0 0 0, 0 0 0 0, 0 0 0 0, 0 0 0 0, 0 0 0 0, 0 0 0 0, 0 0 0 0, 0 0 0 0, 0 0 0 0, 0 0 0 0, 0 0 0 0, 0 0 0 0, 0 0 0 0, 0 0 0 0, 0 0 0 0, 0 0 0 0, 
0 0 0 0, 0 0 0 0, 0 0 0 0, 0 0 0 0, 0 0 0 0, 0 0 0 0, 0 0 0 0, 0 0 0 0, 0 0 0 0, 0 0 0 0, 0 0 0 0, 0 0 0 0, 0 0 0 0, 0 0 0 0, 0 0 0 0, 0 0 0 0, 0 0 0 0, 0 0 0 0, 0 0 0 0, 0 0 0 0, 0 0 0 0, 0 0 0 0, 0 0 0 0, 0 0 0 0, 0 0 0 0, 0 0 0 0, 0 0 0 0, 0 0 0 0, 0 0 0 0, 0 0 0 0, 0 0 0 0, 0 0 0 0, 0 0 0 0, 0 0 0 0, 0 0 0 0, 0 0 0 0, 0 0 0 0, 0 0 0 0, 0 0 0 0, 0 0 0 0, 0 0 0 0, 0 0 0 0, 0 0 0 0, 0 0 0 0, 0 0 0 0, 0 0 0 0, 0 0 0 0, 0 0 0 0, 0 0 0 0, 0 0 0 0, 
0 0 0 0, 0 0 0 0, 0 0 0 0, 0 0 0 0, 0 0 0 0, 0 0 0 0, 0 0 0 0, 0 0 0 0, 0 0 0 0, 0 0 0 0, 0 0 0 0, 0 0 0 0, 0 0 0 0, 0 0 0 0, 0 0 0 0, 0 0 0 0, 0 0 0 0, 0 0 0 0, 0 0 0 0, 0 0 0 0, 0 0 0 0, 0 0 0 0, 0 0 0 0, 0 0 0 0, 0 0 0 0, 0 0 0 0, 0 0 0 0, 0 0 0 0, 0 0 0 0, 0 0 0 0, 0 0 0 0, 0 0 0 0, 0 0 0 0, 0 0 0 0, 0 0 0 0, 0 0 0 0, 0 0 0 0, 0 0 0 0, 0 0 0 0, 0 0 0 0, 0 0 0 0, 0 0 0 0, 0 0 0 0, 0 0 0 0, 0 0 0 0, 0 0 0 0, 0 0 0 0, 0 0 0 0, 0 0 0 0, 0 0 0 0, 
0 0 0 0, 0 0 0 0, 0 0 0 0, 0 0 0 0, 0 0 0 0, 0 0 0 0, 0 0 0 0, 0 0 0 0, 0 0 0 0, 0 0 0 0, 0 0 0 0, 0 0 0 0, 0 0 0 0, 0 0 0 0, 0 0 0 0, 0 0 0 0, 0 0 0 0, 0 0 0 0, 0 0 0 0, 0 0 0 0, 0 0 0 0, 0 0 0 0, 0 0 0 0, 0 0 0 0, 0 0 0 0, 0 0 0 0, 0 0 0 0, 0 0 0 0, 0 0 0 0, 0 0 0 0, 0 0 0 0, 0 0 0 0, 0 0 0 0, 0 0 0 0, 0 0 0 0, 0 0 0 0, 0 0 0 0, 0 0 0 0, 0 0 0 0, 0 0 0 0, 0 0 0 0, 0 0 0 0, 0 0 0 0, 0 0 0 0, 0 0 0 0, 0 0 0 0, 0 0 0 0, 0 0 0 0, 0 0 0 0, 0 0 0 0, 
0 0 0 0, 0 0 0 0, 0 0 0 0, 0 0 0 0, 0 0 0 0, 0 0 0 0, 0 0 0 0, 0 0 0 0, 0 0 0 0, 0 0 0 0, 0 0 0 0, 0 0 0 0, 0 0 0 0, 0 0 0 0, 0 0 0 0, 0 0 0 0, 0 0 0 0, 0 0 0 0, 0 0 0 0, 0 0 0 0, 0 0 0 0, 0 0 0 0, 0 0 0 0, 0 0 0 0, 0 0 0 0, 0 0 0 0, 0 0 0 0, 0 0 0 0, 0 0 0 0, 0 0 0 0, 0 0 0 0, 0 0 0 0, 0 0 0 0, 0 0 0 0, 0 0 0 0, 0 0 0 0, 0 0 0 0, 0 0 0 0, 0 0 0 0, 0 0 0 0, 0 0 0 0, 0 0 0 0, 0 0 0 0, 0 0 0 0, 0 0 0 0, 0 0 0 0, 0 0 0 0, 0 0 0 0, 0 0 0 0, 0 0 0 0, 
0 0 0 0, 0 0 0 0, 0 0 0 0, 0 0 0 0, 0 0 0 0, 0 0 0 0, 0 0 0 0, 0 0 0 0, 0 0 0 0, 0 0 0 0, 0 0 0 0, 0 0 0 0, 0 0 0 0, 0 0 0 0, 0 0 0 0, 0 0 0 0, 0 0 0 0, 0 0 0 0, 0 0 0 0, 0 0 0 0, 0 0 0 0, 0 0 0 0, 0 0 0 0, 0 0 0 0, 0 0 0 0, 0 0 0 0, 0 0 0 0, 0 0 0 0, 0 0 0 0, 0 0 0 0, 0 0 0 0, 0 0 0 0, 0 0 0 0, 0 0 0 0, 0 0 0 0, 0 0 0 0, 0 0 0 0, 0 0 0 0, 0 0 0 0, 0 0 0 0, 0 0 0 0, 0 0 0 0, 0 0 0 0, 0 0 0 0, 0 0 0 0, 0 0 0 0, 0 0 0 0, 0 0 0 0, 0 0 0 0, 0 0 0 0, 
0 0 0 0, 0 0 0 0, 0 0 0 0, 0 0 0 0, 0 0 0 0, 2 2 4 2, 0 0 0 0, 0 0 0 0, 0 0 0 0, 0 0 0 0, 0 0 0 0, 0 0 0 0, 0 0 0 0, 0 0 0 0, 0 0 0 0, 0 0 0 0, 0 0 0 0, 0 0 0 0, 0 0 0 0, 0 0 0 0, 0 0 0 0, 0 0 0 0, 0 0 0 0, 0 0 0 0, 0 0 0 0, 0 0 0 0, 0 0 0 0, 0 0 0 0, 0 0 0 0, 0 0 0 0, 0 0 0 0, 0 0 0 0, 0 0 0 0, 0 0 0 0, 0 0 0 0, 0 0 0 0, 0 0 0 0, 0 0 0 0, 0 0 0 0, 0 0 0 0, 0 0 0 0, 0 0 0 0, 0 0 0 0, 0 0 0 0, 0 0 0 0, 0 0 0 0, 0 0 0 0, 0 0 0 0, 0 0 0 0, 0 0 0 0, 
0 0 0 0, 0 0 0 0, 0 0 0 0, 0 0 0 0, 0 0 0 0, 0 0 0 0, 0 0 0 0, 0 0 0 0, 0 0 0 0, 0 0 0 0, 0 0 0 0, 0 0 0 0, 0 0 0 0, 0 0 0 0, 0 0 0 0, 0 0 0 0, 0 0 0 0, 0 0 0 0, 0 0 0 0, 0 0 0 0, 0 0 0 0, 0 0 0 0, 0 0 0 0, 0 0 0 0, 0 0 0 0, 0 0 0 0, 0 0 0 0, 0 0 0 0, 0 0 0 0, 0 0 0 0, 0 0 0 0, 0 0 0 0, 0 0 0 0, 0 0 0 0, 0 0 0 0, 0 0 0 0, 0 0 0 0, 0 0 0 0, 0 0 0 0, 0 0 0 0, 0 0 0 0, 0 0 0 0, 0 0 0 0, 0 0 0 0, 0 0 0 0, 0 0 0 0, 0 0 0 0, 0 0 0 0, 0 0 0 0, 0 0 0 0, 
0 0 0 0, 0 0 0 0, 0 0 0 0, 0 0 0 0, 0 0 0 0, 0 0 0 0, 0 0 0 0, 0 0 0 0, 0 0 0 0, 0 0 0 0, 0 0 0 0, 0 0 0 0, 0 0 0 0, 0 0 0 0, 0 0 0 0, 0 0 0 0, 0 0 0 0, 0 0 0 0, 0 0 0 0, 0 0 0 0, 0 0 0 0, 0 0 0 0, 0 0 0 0, 0 0 0 0, 0 0 0 0, 0 0 0 0, 0 0 0 0, 0 0 0 0, 0 0 0 0, 0 0 0 0, 0 0 0 0, 0 0 0 0, 0 0 0 0, 0 0 0 0, 0 0 0 0, 0 0 0 0, 0 0 0 0, 0 0 0 0, 0 0 0 0, 0 0 0 0, 0 0 0 0, 0 0 0 0, 0 0 0 0, 0 0 0 0, 0 0 0 0, 0 0 0 0, 0 0 0 0, 0 0 0 0, 0 0 0 0, 0 0 0 0, 
0 0 0 0, 0 0 0 0, 0 0 0 0, 0 0 0 0, 0 0 0 0, 0 0 0 0, 0 0 0 0, 0 0 0 0, 0 0 0 0, 0 0 0 0, 0 0 0 0, 0 0 0 0, 0 0 0 0, 0 0 0 0, 0 0 0 0, 0 0 0 0, 0 0 0 0, 0 0 0 0, 0 0 0 0, 0 0 0 0, 0 0 0 0, 0 0 0 0, 0 0 0 0, 0 0 0 0, 0 0 0 0, 0 0 0 0, 0 0 0 0, 0 0 0 0, 0 0 0 0, 0 0 0 0, 0 0 0 0, 0 0 0 0, 0 0 0 0, 0 0 0 0, 0 0 0 0, 0 0 0 0, 0 0 0 0, 0 0 0 0, 0 0 0 0, 0 0 0 0, 0 0 0 0, 0 0 0 0, 0 0 0 0, 0 0 0 0, 0 0 0 0, 0 0 0 0, 0 0 0 0, 0 0 0 0, 0 0 0 0, 0 0 0 0, 
0 0 0 0, 0 0 0 0, 0 0 0 0, 0 0 0 0, 0 0 0 0, 0 0 0 0, 0 0 0 0, 0 0 0 0, 0 0 0 0, 0 0 0 0, 0 0 0 0, 0 0 0 0, 0 0 0 0, 0 0 0 0, 0 0 0 0, 0 0 0 0, 0 0 0 0, 0 0 0 0, 0 0 0 0, 0 0 0 0, 0 0 0 0, 0 0 0 0, 0 0 0 0, 0 0 0 0, 0 0 0 0, 0 0 0 0, 0 0 0 0, 0 0 0 0, 0 0 0 0, 0 0 0 0, 0 0 0 0, 0 0 0 0, 0 0 0 0, 0 0 0 0, 0 0 0 0, 0 0 0 0, 0 0 0 0, 0 0 0 0, 0 0 0 0, 0 0 0 0, 0 0 0 0, 0 0 0 0, 0 0 0 0, 0 0 0 0, 0 0 0 0, 0 0 0 0, 0 0 0 0, 0 0 0 0, 0 0 0 0, 0 0 0 0, 
0 0 0 0, 0 0 0 0, 0 0 0 0, 0 0 0 0, 0 0 0 0, 0 0 0 0, 0 0 0 0, 0 0 0 0, 0 0 0 0, 0 0 0 0, 0 0 0 0, 0 0 0 0, 0 0 0 0, 0 0 0 0, 0 0 0 0, 0 0 0 0, 0 0 0 0, 0 0 0 0, 0 0 0 0, 0 0 0 0, 0 0 0 0, 0 0 0 0, 0 0 0 0, 0 0 0 0, 0 0 0 0, 0 0 0 0, 0 0 0 0, 0 0 0 0, 0 0 0 0, 0 0 0 0, 0 0 0 0, 0 0 0 0, 0 0 0 0, 0 0 0 0, 0 0 0 0, 0 0 0 0, 0 0 0 0, 0 0 0 0, 0 0 0 0, 0 0 0 0, 0 0 0 0, 0 0 0 0, 0 0 0 0, 0 0 0 0, 0 0 0 0, 0 0 0 0, 0 0 0 0, 0 0 0 0, 0 0 0 0, 0 0 0 0, 
0 0 0 0, 0 0 0 0, 2 2 4 2, 0 0 0 0, 0 0 0 0, 0 0 0 0, 0 0 0 0, 0 0 0 0, 0 0 0 0, 0 0 0 0, 0 0 0 0, 0 0 0 0, 0 0 0 0, 0 0 0 0, 0 0 0 0, 0 0 0 0, 0 0 0 0, 0 0 0 0, 0 0 0 0, 0 0 0 0, 0 0 0 0, 0 0 0 0, 0 0 0 0, 0 0 0 0, 0 0 0 0, 0 0 0 0, 0 0 0 0, 0 0 0 0, 0 0 0 0, 0 0 0 0, 0 0 0 0, 0 0 0 0, 0 0 0 0, 0 0 0 0, 0 0 0 0, 0 0 0 0, 0 0 0 0, 0 0 0 0, 0 0 0 0, 0 0 0 0, 0 0 0 0, 0 0 0 0, 0 0 0 0, 0 0 0 0, 0 0 0 0, 0 0 0 0, 0 0 0 0, 0 0 0 0, 0 0 0 0, 0 0 0 0, 
0 0 0 0, 0 0 0 0, 0 0 0 0, 0 0 0 0, 2 2 4 2, 0 0 0 0, 0 0 0 0, 0 0 0 0, 0 0 0 0, 0 0 0 0, 0 0 0 0, 0 0 0 0, 0 0 0 0, 0 0 0 0, 0 0 0 0, 0 0 0 0, 0 0 0 0, 0 0 0 0, 0 0 0 0, 0 0 0 0, 0 0 0 0, 0 0 0 0, 0 0 0 0, 0 0 0 0, 0 0 0 0, 0 0 0 0, 0 0 0 0, 0 0 0 0, 0 0 0 0, 0 0 0 0, 0 0 0 0, 0 0 0 0, 0 0 0 0, 0 0 0 0, 0 0 0 0, 0 0 0 0, 0 0 0 0, 0 0 0 0, 0 0 0 0, 0 0 0 0, 0 0 0 0, 0 0 0 0, 0 0 0 0, 0 0 0 0, 0 0 0 0, 0 0 0 0, 0 0 0 0, 0 0 0 0, 0 0 0 0, 0 0 0 0, 
0 0 0 0, 0 0 0 0, 2 2 4 2, 2 2 4 2, 0 0 0 0, 2 2 4 2, 0 0 0 0, 0 0 0 0, 0 0 0 0, 0 0 0 0, 0 0 0 0, 0 0 0 0, 0 0 0 0, 0 0 0 0, 0 0 0 0, 0 0 0 0, 0 0 0 0, 0 0 0 0, 0 0 0 0, 0 0 0 0, 0 0 0 0, 0 0 0 0, 0 0 0 0, 0 0 0 0, 0 0 0 0, 0 0 0 0, 0 0 0 0, 0 0 0 0, 0 0 0 0, 0 0 0 0, 0 0 0 0, 0 0 0 0, 0 0 0 0, 0 0 0 0, 0 0 0 0, 0 0 0 0, 0 0 0 0, 0 0 0 0, 0 0 0 0, 0 0 0 0, 0 0 0 0, 0 0 0 0, 0 0 0 0, 0 0 0 0, 0 0 0 0, 0 0 0 0, 0 0 0 0, 0 0 0 0, 2 2 4 2, 0 0 0 0, 
0 0 0 0, 0 0 0 0, 0 0 0 0, 2 2 4 2, 2 2 4 2, 2 2 4 2, 0 0 0 0, 0 0 0 0, 0 0 0 0, 0 0 0 0, 0 0 0 0, 0 0 0 0, 0 0 0 0, 0 0 0 0, 0 0 0 0, 0 0 0 0, 0 0 0 0, 0 0 0 0, 0 0 0 0, 0 0 0 0, 0 0 0 0, 0 0 0 0, 0 0 0 0, 0 0 0 0, 0 0 0 0, 0 0 0 0, 0 0 0 0, 0 0 0 0, 0 0 0 0, 0 0 0 0, 0 0 0 0, 0 0 0 0, 0 0 0 0, 0 0 0 0, 0 0 0 0, 0 0 0 0, 0 0 0 0, 0 0 0 0, 0 0 0 0, 0 0 0 0, 0 0 0 0, 0 0 0 0, 0 0 0 0, 0 0 0 0, 0 0 0 0, 0 0 0 0, 0 0 0 0, 0 0 0 0, 0 0 0 0, 0 0 0 0, 
0 0 0 0, 0 0 0 0, 0 0 0 0, 0 0 0 0, 0 0 0 0, 0 0 0 0, 0 0 0 0, 0 0 0 0, 0 0 0 0, 0 0 0 0, 0 0 0 0, 0 0 0 0, 0 0 0 0, 0 0 0 0, 0 0 0 0, 0 0 0 0, 0 0 0 0, 0 0 0 0, 0 0 0 0, 0 0 0 0, 0 0 0 0, 0 0 0 0, 0 0 0 0, 0 0 0 0, 0 0 0 0, 0 0 0 0, 0 0 0 0, 0 0 0 0, 0 0 0 0, 0 0 0 0, 0 0 0 0, 0 0 0 0, 0 0 0 0, 0 0 0 0, 0 0 0 0, 0 0 0 0, 0 0 0 0, 0 0 0 0, 0 0 0 0, 0 0 0 0, 0 0 0 0, 0 0 0 0, 0 0 0 0, 0 0 0 0, 0 0 0 0, 0 0 0 0, 0 0 0 0, 0 0 0 0, 0 0 0 0, 0 0 0 0, 
0 0 0 0, 0 0 0 0, 0 0 0 0, 0 0 0 0, 0 0 0 0, 0 0 0 0, 0 0 0 0, 0 0 0 0, 0 0 0 0, 0 0 0 0, 0 0 0 0, 0 0 0 0, 0 0 0 0, 0 0 0 0, 0 0 0 0, 0 0 0 0, 0 0 0 0, 0 0 0 0, 0 0 0 0, 0 0 0 0, 0 0 0 0, 0 0 0 0, 0 0 0 0, 0 0 0 0, 0 0 0 0, 0 0 0 0, 0 0 0 0, 0 0 0 0, 0 0 0 0, 0 0 0 0, 0 0 0 0, 0 0 0 0, 0 0 0 0, 0 0 0 0, 0 0 0 0, 0 0 0 0, 0 0 0 0, 0 0 0 0, 0 0 0 0, 0 0 0 0, 0 0 0 0, 0 0 0 0, 0 0 0 0, 0 0 0 0, 0 0 0 0, 0 0 0 0, 0 0 0 0, 0 0 0 0, 0 0 0 0, 0 0 0 0, 
0 0 0 0, 0 0 0 0, 0 0 0 0, 0 0 0 0, 0 0 0 0, 0 0 0 0, 0 0 0 0, 0 0 0 0, 0 0 0 0, 0 0 0 0, 0 0 0 0, 0 0 0 0, 0 0 0 0, 0 0 0 0, 0 0 0 0, 0 0 0 0, 0 0 0 0, 0 0 0 0, 0 0 0 0, 0 0 0 0, 0 0 0 0, 0 0 0 0, 0 0 0 0, 0 0 0 0, 0 0 0 0, 0 0 0 0, 0 0 0 0, 0 0 0 0, 0 0 0 0, 0 0 0 0, 0 0 0 0, 0 0 0 0, 0 0 0 0, 0 0 0 0, 0 0 0 0, 0 0 0 0, 0 0 0 0, 0 0 0 0, 0 0 0 0, 0 0 0 0, 0 0 0 0, 0 0 0 0, 0 0 0 0, 0 0 0 0, 0 0 0 0, 0 0 0 0, 0 0 0 0, 0 0 0 0, 0 0 0 0, 0 0 0 0, 
0 0 0 0, 0 0 0 0, 0 0 0 0, 0 0 0 0, 0 0 0 0, 0 0 0 0, 0 0 0 0, 0 0 0 0, 0 0 0 0, 0 0 0 0, 0 0 0 0, 0 0 0 0, 0 0 0 0, 0 0 0 0, 0 0 0 0, 0 0 0 0, 0 0 0 0, 0 0 0 0, 0 0 0 0, 0 0 0 0, 0 0 0 0, 0 0 0 0, 0 0 0 0, 0 0 0 0, 9 9 8 6, 0 0 0 0, 0 0 0 0, 0 0 0 0, 0 0 0 0, 0 0 0 0, 0 0 0 0, 0 0 0 0, 0 0 0 0, 0 0 0 0, 0 0 0 0, 0 0 0 0, 0 0 0 0, 0 0 0 0, 0 0 0 0, 0 0 0 0, 0 0 0 0, 0 0 0 0, 0 0 0 0, 0 0 0 0, 0 0 0 0, 0 0 0 0, 0 0 0 0, 0 0 0 0, 0 0 0 0, 0 0 0 0, 
0 0 0 0, 0 0 0 0, 0 0 0 0, 0 0 0 0, 0 0 0 0, 0 0 0 0, 0 0 0 0, 0 0 0 0, 0 0 0 0, 0 0 0 0, 0 0 0 0, 0 0 0 0, 0 0 0 0, 0 0 0 0, 0 0 0 0, 0 0 0 0, 0 0 0 0, 0 0 0 0, 0 0 0 0, 0 0 0 0, 0 0 0 0, 0 0 0 0, 0 0 0 0, 0 0 0 0, 0 0 0 0, 0 0 0 0, 0 0 0 0, 0 0 0 0, 0 0 0 0, 0 0 0 0, 0 0 0 0, 0 0 0 0, 0 0 0 0, 0 0 0 0, 0 0 0 0, 0 0 0 0, 0 0 0 0, 0 0 0 0, 0 0 0 0, 0 0 0 0, 0 0 0 0, 0 0 0 0, 0 0 0 0, 0 0 0 0, 0 0 0 0, 0 0 0 0, 0 0 0 0, 0 0 0 0, 0 0 0 0, 0 0 0 0, 
0 0 0 0, 0 0 0 0, 0 0 0 0, 0 0 0 0, 0 0 0 0, 0 0 0 0, 0 0 0 0, 0 0 0 0, 0 0 0 0, 0 0 0 0, 0 0 0 0, 0 0 0 0, 0 0 0 0, 0 0 0 0, 0 0 0 0, 0 0 0 0, 0 0 0 0, 5 6 1 1, 0 0 0 0, 0 0 0 0, 0 0 0 0, 0 0 0 0, 0 0 0 0, 0 0 0 0, 0 0 0 0, 0 0 0 0, 0 0 0 0, 0 0 0 0, 0 0 0 0, 0 0 0 0, 0 0 0 0, 0 0 0 0, 0 0 0 0, 0 0 0 0, 0 0 0 0, 0 0 0 0, 0 0 0 0, 0 0 0 0, 0 0 0 0, 0 0 0 0, 0 0 0 0, 0 0 0 0, 0 0 0 0, 0 0 0 0, 0 0 0 0, 0 0 0 0, 0 0 0 0, 0 0 0 0, 0 0 0 0, 0 0 0 0, 
0 0 0 0, 0 0 0 0, 0 0 0 0, 0 0 0 0, 0 0 0 0, 0 0 0 0, 0 0 0 0, 0 0 0 0, 0 0 0 0, 0 0 0 0, 0 0 0 0, 0 0 0 0, 0 0 0 0, 0 0 0 0, 0 0 0 0, 0 0 0 0, 0 0 0 0, 0 0 0 0, 0 0 0 0, 0 0 0 0, 0 0 0 0, 0 0 0 0, 0 0 0 0, 0 0 0 0, 0 0 0 0, 0 0 0 0, 0 0 0 0, 0 0 0 0, 0 0 0 0, 0 0 0 0, 0 0 0 0, 0 0 0 0, 0 0 0 0, 0 0 0 0, 0 0 0 0, 0 0 0 0, 0 0 0 0, 0 0 0 0, 0 0 0 0, 0 0 0 0, 0 0 0 0, 0 0 0 0, 0 0 0 0, 0 0 0 0, 0 0 0 0, 0 0 0 0, 0 0 0 0, 0 0 0 0, 0 0 0 0, 0 0 0 0, 
0 0 0 0, 0 0 0 0, 0 0 0 0, 0 0 0 0, 0 0 0 0, 0 0 0 0, 0 0 0 0, 0 0 0 0, 0 0 0 0, 0 0 0 0, 0 0 0 0, 0 0 0 0, 0 0 0 0, 0 0 0 0, 0 0 0 0, 0 0 0 0, 0 0 0 0, 0 0 0 0, 0 0 0 0, 0 0 0 0, 5 6 1 1, 0 0 0 0, 5 6 1 1, 0 0 0 0, 0 0 0 0, 0 0 0 0, 0 0 0 0, 0 0 0 0, 0 0 0 0, 0 0 0 0, 0 0 0 0, 0 0 0 0, 0 0 0 0, 0 0 0 0, 0 0 0 0, 0 0 0 0, 0 0 0 0, 0 0 0 0, 0 0 0 0, 0 0 0 0, 0 0 0 0, 0 0 0 0, 0 0 0 0, 0 0 0 0, 0 0 0 0, 0 0 0 0, 0 0 0 0, 0 0 0 0, 0 0 0 0, 0 0 0 0, 
0 0 0 0, 0 0 0 0, 0 0 0 0, 0 0 0 0, 0 0 0 0, 0 0 0 0, 0 0 0 0, 0 0 0 0, 0 0 0 0, 0 0 0 0, 0 0 0 0, 0 0 0 0, 0 0 0 0, 0 0 0 0, 0 0 0 0, 0 0 0 0, 0 0 0 0, 0 0 0 0, 0 0 0 0, 0 0 0 0, 5 6 1 1, 0 0 0 0, 0 0 0 0, 0 0 0 0, 0 0 0 0, 0 0 0 0, 0 0 0 0, 0 0 0 0, 0 0 0 0, 0 0 0 0, 0 0 0 0, 0 0 0 0, 0 0 0 0, 0 0 0 0, 0 0 0 0, 0 0 0 0, 0 0 0 0, 0 0 0 0, 0 0 0 0, 0 0 0 0, 0 0 0 0, 0 0 0 0, 0 0 0 0, 0 0 0 0, 0 0 0 0, 0 0 0 0, 0 0 0 0, 0 0 0 0, 0 0 0 0, 0 0 0 0, 
0 0 0 0, 0 0 0 0, 0 0 0 0, 0 0 0 0, 0 0 0 0, 0 0 0 0, 0 0 0 0, 0 0 0 0, 0 0 0 0, 0 0 0 0, 0 0 0 0, 0 0 0 0, 0 0 0 0, 0 0 0 0, 0 0 0 0, 0 0 0 0, 0 0 0 0, 0 0 0 0, 0 0 0 0, 5 6 1 1, 0 0 0 0, 0 0 0 0, 0 0 0 0, 0 0 0 0, 0 0 0 0, 0 0 0 0, 0 0 0 0, 0 0 0 0, 0 0 0 0, 0 0 0 0, 0 0 0 0, 0 0 0 0, 0 0 0 0, 0 0 0 0, 0 0 0 0, 0 0 0 0, 0 0 0 0, 0 0 0 0, 0 0 0 0, 0 0 0 0, 0 0 0 0, 0 0 0 0, 0 0 0 0, 0 0 0 0, 0 0 0 0, 0 0 0 0, 0 0 0 0, 0 0 0 0, 0 0 0 0, 0 0 0 0, 
0 0 0 0, 0 0 0 0, 0 0 0 0, 0 0 0 0, 0 0 0 0, 0 0 0 0, 0 0 0 0, 0 0 0 0, 0 0 0 0, 0 0 0 0, 0 0 0 0, 0 0 0 0, 0 0 0 0, 0 0 0 0, 0 0 0 0, 0 0 0 0, 0 0 0 0, 0 0 0 0, 5 6 1 1, 0 0 0 0, 5 6 1 1, 5 6 1 1, 5 6 1 1, 0 0 0 0, 0 0 0 0, 0 0 0 0, 0 0 0 0, 0 0 0 0, 0 0 0 0, 0 0 0 0, 0 0 0 0, 0 0 0 0, 0 0 0 0, 0 0 0 0, 0 0 0 0, 0 0 0 0, 0 0 0 0, 0 0 0 0, 0 0 0 0, 0 0 0 0, 0 0 0 0, 0 0 0 0, 0 0 0 0, 0 0 0 0, 0 0 0 0, 0 0 0 0, 0 0 0 0, 0 0 0 0, 0 0 0 0, 0 0 0 0, 
0 0 0 0, 0 0 0 0, 0 0 0 0, 0 0 0 0, 0 0 0 0, 0 0 0 0, 0 0 0 0, 0 0 0 0, 0 0 0 0, 0 0 0 0, 0 0 0 0, 0 0 0 0, 0 0 0 0, 0 0 0 0, 0 0 0 0, 0 0 0 0, 0 0 0 0, 0 0 0 0, 5 6 1 1, 5 6 1 1, 5 6 1 1, 0 0 0 0, 0 0 0 0, 0 0 0 0, 0 0 0 0, 0 0 0 0, 0 0 0 0, 0 0 0 0, 0 0 0 0, 0 0 0 0, 0 0 0 0, 0 0 0 0, 0 0 0 0, 0 0 0 0, 0 0 0 0, 0 0 0 0, 0 0 0 0, 0 0 0 0, 0 0 0 0, 0 0 0 0, 0 0 0 0, 0 0 0 0, 0 0 0 0, 0 0 0 0, 0 0 0 0, 0 0 0 0, 0 0 0 0, 0 0 0 0, 0 0 0 0, 0 0 0 0, 
0 0 0 0, 0 0 0 0, 0 0 0 0, 0 0 0 0, 0 0 0 0, 0 0 0 0, 0 0 0 0, 0 0 0 0, 0 0 0 0, 0 0 0 0, 0 0 0 0, 0 0 0 0, 0 0 0 0, 0 0 0 0, 0 0 0 0, 0 0 0 0, 0 0 0 0, 0 0 0 0, 0 0 0 0, 0 0 0 0, 0 0 0 0, 0 0 0 0, 0 0 0 0, 0 0 0 0, 0 0 0 0, 0 0 0 0, 0 0 0 0, 0 0 0 0, 0 0 0 0, 0 0 0 0, 0 0 0 0, 0 0 0 0, 0 0 0 0, 0 0 0 0, 0 0 0 0, 0 0 0 0, 0 0 0 0, 0 0 0 0, 0 0 0 0, 0 0 0 0, 0 0 0 0, 0 0 0 0, 0 0 0 0, 0 0 0 0, 0 0 0 0, 0 0 0 0, 0 0 0 0, 0 0 0 0, 0 0 0 0, 0 0 0 0, 
0 0 0 0, 0 0 0 0, 0 0 0 0, 0 0 0 0, 0 0 0 0, 0 0 0 0, 0 0 0 0, 0 0 0 0, 0 0 0 0, 0 0 0 0, 0 0 0 0, 0 0 0 0, 0 0 0 0, 0 0 0 0, 0 0 0 0, 0 0 0 0, 0 0 0 0, 0 0 0 0, 0 0 0 0, 0 0 0 0, 0 0 0 0, 0 0 0 0, 0 0 0 0, 0 0 0 0, 0 0 0 0, 0 0 0 0, 0 0 0 0, 0 0 0 0, 0 0 0 0, 0 0 0 0, 0 0 0 0, 0 0 0 0, 0 0 0 0, 0 0 0 0, 0 0 0 0, 0 0 0 0, 0 0 0 0, 0 0 0 0, 0 0 0 0, 0 0 0 0, 0 0 0 0, 0 0 0 0, 0 0 0 0, 0 0 0 0, 0 0 0 0, 0 0 0 0, 0 0 0 0, 0 0 0 0, 0 0 0 0, 0 0 0 0, 
0 0 0 0, 0 0 0 0, 0 0 0 0, 0 0 0 0, 0 0 0 0, 0 0 0 0, 0 0 0 0, 0 0 0 0, 0 0 0 0, 0 0 0 0, 0 0 0 0, 0 0 0 0, 0 0 0 0, 0 0 0 0, 0 0 0 0, 0 0 0 0, 0 0 0 0, 0 0 0 0, 0 0 0 0, 0 0 0 0, 0 0 0 0, 0 0 0 0, 0 0 0 0, 0 0 0 0, 0 0 0 0, 0 0 0 0, 0 0 0 0, 0 0 0 0, 0 0 0 0, 0 0 0 0, 0 0 0 0, 0 0 0 0, 0 0 0 0, 0 0 0 0, 0 0 0 0, 0 0 0 0, 0 0 0 0, 0 0 0 0, 0 0 0 0, 0 0 0 0, 0 0 0 0, 0 0 0 0, 0 0 0 0, 0 0 0 0, 0 0 0 0, 0 0 0 0, 0 0 0 0, 0 0 0 0, 0 0 0 0, 0 0 0 0, 
0 0 0 0, 0 0 0 0, 0 0 0 0, 0 0 0 0, 0 0 0 0, 0 0 0 0, 0 0 0 0, 0 0 0 0, 0 0 0 0, 0 0 0 0, 0 0 0 0, 0 0 0 0, 0 0 0 0, 0 0 0 0, 0 0 0 0, 0 0 0 0, 0 0 0 0, 0 0 0 0, 0 0 0 0, 0 0 0 0, 0 0 0 0, 0 0 0 0, 0 0 0 0, 0 0 0 0, 0 0 0 0, 0 0 0 0, 0 0 0 0, 0 0 0 0, 0 0 0 0, 0 0 0 0, 0 0 0 0, 0 0 0 0, 0 0 0 0, 0 0 0 0, 0 0 0 0, 0 0 0 0, 0 0 0 0, 0 0 0 0, 0 0 0 0, 0 0 0 0, 0 0 0 0, 0 0 0 0, 0 0 0 0, 0 0 0 0, 0 0 0 0, 0 0 0 0, 0 0 0 0, 0 0 0 0, 0 0 0 0, 0 0 0 0, 
0 0 0 0, 0 0 0 0, 0 0 0 0, 0 0 0 0, 0 0 0 0, 0 0 0 0, 0 0 0 0, 0 0 0 0, 0 0 0 0, 0 0 0 0, 0 0 0 0, 0 0 0 0, 0 0 0 0, 0 0 0 0, 0 0 0 0, 0 0 0 0, 0 0 0 0, 0 0 0 0, 0 0 0 0, 0 0 0 0, 0 0 0 0, 0 0 0 0, 0 0 0 0, 0 0 0 0, 0 0 0 0, 0 0 0 0, 0 0 0 0, 0 0 0 0, 0 0 0 0, 0 0 0 0, 0 0 0 0, 0 0 0 0, 0 0 0 0, 0 0 0 0, 0 0 0 0, 0 0 0 0, 0 0 0 0, 0 0 0 0, 0 0 0 0, 0 0 0 0, 0 0 0 0, 0 0 0 0, 0 0 0 0, 0 0 0 0, 0 0 0 0, 0 0 0 0, 0 0 0 0, 0 0 0 0, 0 0 0 0, 0 0 0 0, 
0 0 0 0, 0 0 0 0, 0 0 0 0, 0 0 0 0, 0 0 0 0, 0 0 0 0, 0 0 0 0, 0 0 0 0, 0 0 0 0, 0 0 0 0, 0 0 0 0, 0 0 0 0, 0 0 0 0, 0 0 0 0, 0 0 0 0, 0 0 0 0, 0 0 0 0, 0 0 0 0, 0 0 0 0, 0 0 0 0, 0 0 0 0, 0 0 0 0, 0 0 0 0, 0 0 0 0, 0 0 0 0, 0 0 0 0, 0 0 0 0, 0 0 0 0, 0 0 0 0, 0 0 0 0, 0 0 0 0, 0 0 0 0, 0 0 0 0, 0 0 0 0, 0 0 0 0, 0 0 0 0, 0 0 0 0, 0 0 0 0, 0 0 0 0, 0 0 0 0, 0 0 0 0, 0 0 0 0, 0 0 0 0, 0 0 0 0, 0 0 0 0, 0 0 0 0, 0 0 0 0, 0 0 0 0, 0 0 0 0, 0 0 0 0, 
0 0 0 0, 0 0 0 0, 0 0 0 0, 0 0 0 0, 0 0 0 0, 0 0 0 0, 0 0 0 0, 0 0 0 0, 0 0 0 0, 0 0 0 0, 0 0 0 0, 0 0 0 0, 0 0 0 0, 0 0 0 0, 0 0 0 0, 0 0 0 0, 0 0 0 0, 0 0 0 0, 0 0 0 0, 0 0 0 0, 0 0 0 0, 0 0 0 0, 0 0 0 0, 0 0 0 0, 0 0 0 0, 0 0 0 0, 0 0 0 0, 0 0 0 0, 0 0 0 0, 0 0 0 0, 0 0 0 0, 0 0 0 0, 0 0 0 0, 0 0 0 0, 0 0 0 0, 0 0 0 0, 0 0 0 0, 0 0 0 0, 0 0 0 0, 0 0 0 0, 0 0 0 0, 0 0 0 0, 0 0 0 0, 0 0 0 0, 0 0 0 0, 0 0 0 0, 0 0 0 0, 0 0 0 0, 0 0 0 0, 0 0 0 0, 
0 0 0 0, 0 0 0 0, 0 0 0 0, 0 0 0 0, 0 0 0 0, 0 0 0 0, 0 0 0 0, 0 0 0 0, 0 0 0 0, 0 0 0 0, 0 0 0 0, 0 0 0 0, 0 0 0 0, 0 0 0 0, 0 0 0 0, 0 0 0 0, 0 0 0 0, 0 0 0 0, 0 0 0 0, 0 0 0 0, 0 0 0 0, 0 0 0 0, 0 0 0 0, 0 0 0 0, 0 0 0 0, 0 0 0 0, 0 0 0 0, 0 0 0 0, 0 0 0 0, 4 3 9 9, 0 0 0 0, 0 0 0 0, 0 0 0 0, 0 0 0 0, 0 0 0 0, 0 0 0 0, 0 0 0 0, 0 0 0 0, 0 0 0 0, 0 0 0 0, 0 0 0 0, 0 0 0 0, 0 0 0 0, 0 0 0 0, 0 0 0 0, 0 0 0 0, 0 0 0 0, 0 0 0 0, 0 0 0 0, 0 0 0 0, 
0 0 0 0, 0 0 0 0, 0 0 0 0, 0 0 0 0, 0 0 0 0, 0 0 0 0, 0 0 0 0, 0 0 0 0, 0 0 0 0, 0 0 0 0, 0 0 0 0, 0 0 0 0, 0 0 0 0, 0 0 0 0, 0 0 0 0, 0 0 0 0, 0 0 0 0, 0 0 0 0, 0 0 0 0, 0 0 0 0, 0 0 0 0, 0 0 0 0, 4 3 9 9, 0 0 0 0, 0 0 0 0, 0 0 0 0, 4 3 9 9, 0 0 0 0, 0 0 0 0, 0 0 0 0, 0 0 0 0, 0 0 0 0, 0 0 0 0, 0 0 0 0, 0 0 0 0, 0 0 0 0, 0 0 0 0, 0 0 0 0, 0 0 0 0, 0 0 0 0, 0 0 0 0, 0 0 0 0, 0 0 0 0, 0 0 0 0, 0 0 0 0, 0 0 0 0, 0 0 0 0, 0 0 0 0, 0 0 0 0, 0 0 0 0, 
0 0 0 0, 0 0 0 0, 0 0 0 0, 0 0 0 0, 0 0 0 0, 0 0 0 0, 0 0 0 0, 0 0 0 0, 0 0 0 0, 0 0 0 0, 0 0 0 0, 0 0 0 0, 0 0 0 0, 0 0 0 0, 0 0 0 0, 0 0 0 0, 0 0 0 0, 0 0 0 0, 0 0 0 0, 0 0 0 0, 0 0 0 0, 0 0 0 0, 0 0 0 0, 0 0 0 0, 0 0 0 0, 0 0 0 0, 0 0 0 0, 4 3 9 9, 0 0 0 0, 0 0 0 0, 0 0 0 0, 0 0 0 0, 0 0 0 0, 0 0 0 0, 0 0 0 0, 0 0 0 0, 0 0 0 0, 0 0 0 0, 0 0 0 0, 0 0 0 0, 0 0 0 0, 0 0 0 0, 0 0 0 0, 0 0 0 0, 0 0 0 0, 0 0 0 0, 0 0 0 0, 0 0 0 0, 0 0 0 0, 0 0 0 0, 
0 0 0 0, 0 0 0 0, 0 0 0 0, 0 0 0 0, 0 0 0 0, 0 0 0 0, 0 0 0 0, 0 0 0 0, 0 0 0 0, 0 0 0 0, 0 0 0 0, 0 0 0 0, 0 0 0 0, 0 0 0 0, 0 0 0 0, 0 0 0 0, 0 0 0 0, 0 0 0 0, 0 0 0 0, 0 0 0 0, 0 0 0 0, 0 0 0 0, 0 0 0 0, 0 0 0 0, 4 3 9 9, 4 3 9 9, 4 3 9 9, 0 0 0 0, 4 3 9 9, 0 0 0 0, 0 0 0 0, 0 0 0 0, 0 0 0 0, 0 0 0 0, 0 0 0 0, 0 0 0 0, 0 0 0 0, 0 0 0 0, 0 0 0 0, 0 0 0 0, 0 0 0 0, 0 0 0 0, 0 0 0 0, 0 0 0 0, 0 0 0 0, 0 0 0 0, 0 0 0 0, 0 0 0 0, 0 0 0 0, 0 0 0 0, 
